505

Wu 18811181 nun 1111 1813181881811 881 11881188 von 111118
81111188 und Polonor. 88 181 1118111 18 8118888188 1881181818,
8181 181118181 18881111181111881881188 888881818883 818888181-
1118381 1881118 111 8818111 818 81818118 1111111183 881 11118818881,
11.11,81 1111811841) 1118 88111 1813111381 (148 88188831811181·
8818 (81111111) und 11111188 (1811188 81 118111 8881188181 N. 81811
8. 88 (1181811 11811 1818818881 81888888) 1111188, 818 8111188881-
1111881880. 11181111. 88111111 8188. 8181188 1111111 von 8111811
18 811188 1181181, 1188181188 [1881 181’811181[]11888 318188. nio
88 1111818 118188, d. 11, 81888 und 28 1811818 8818111888 8188
42 8811188118 8881810 1111188188118 1881188ς 14 [118888 81811811 = 70
11111881181188. 81888 1881111113 in 11818818, 88111 hequem, 1111 88-
18888883 anch goechickt, 1111188, 11811188 wissant, 18888188181181
1111 11888 von Moritz 1111188118, 8811881 118818881111181118813
8188881111, 881881818811111 8. 8881118118 8118881888 8111818 por
magistrum 1118111188 8811818188111, 111811188118 888181818888111111
18788, 1111 8811181- und 81118818888181 18 1181181188, 188 888
18118111818811, 114.,181. 101 sqq. 88111 8811188818, doch 8881
11111138 88111111 1818811881 18811, 1118 8818 8818881, 818 11118.

Dio lango 888 1811888 8181188111 8188 1181811811 188818, 818
mit Ρ111818,(11881181Ρ1111181)1 und 8811111 1881118811 vird, 8118111118
818 8818188 8881 1181111, 11 8., 881 1188818181 (8. 1118881883
448). 18888888 11818111 88181181 8181 und 111,881118811811818811
8888883888, mehr 81811 111888, 881 8818881188111111 8811111188
und 11818818 1811818888 18. 88113888 11118 1811 88181818188
11811111 88811, 8881111111 und 01888181 18 88818 gun gamno
1811811118811888 8811188883811, 881181 188131188 818 1811181183
1181 11818818 (81881888), 818 881 118118 (8111181), 8 (188111, 11188·
11118, 8111888 von (18811, 1118888118, Ephrem, flebrm, 8881818,
8181188, 18 8118188811 888 1181111, bei 1188118188, 8811181181,
111881818811, 8818 18118 181181, 8811111881, 8811181, 11118818,
1118 8881811181 181 Ρ818881881 hutogruphischer famum

811 88118118.

 

