178

111117, 11117111, 111111, 1111111. (111(11111),111’1“,1111111 1711
111111. 111111 11111 1111 11 111 mitto 111 1111111111 (enm
111111) 111111111111 1117111111 11111111 11111111 mol, 11111111
1711117111 111 11111 11111111 1111. Uber 111 1111111111 1 111 11-
11111131111111111,111111111 11161111111111. 111·
trin, 111111, 711 1111111111, 171 111111111111171 (mbo) 11 11111

kircha. Tu vgl. 1111 7111111 im 11. 7177. - 1711 11] Τ, 1 7111,
171 R

8.1111111111111]1’11, 111111. B. - 1111111111] T,
11111 11 01711111 ’1 V, 111111 1111111111, 1111 111111 (71111111,
1111111111 R. - 11111111111] TV, 111111111711 11, 1111111111
T, 111111111 R. - 7711] Τ, 111, 1111111111 1111111111, 11111171,
1111111711 B. - 17 17111 1111] T, 11111 71 111, 11117171,
1111111111 B. - 11111 1111171 1111111] T, 111. ei 1111111111,
1111111111 Β,11111111111117’. - 111111111111711111,11
parlin] 17 dinem 11 11111 1111111117, 11111 11 1111110111]
111111711 11 1111111 1111111 11 111 11111.

1. 17 11111111 1111] T, 1111111, 111111111711. - 11
1171111111]Τ,11111111111111 111111. 11111 117111111 B.
111 11111 1111111111 11111 111111 11111111111 111111111111 111
1111 gun guum. - 11171111 11111] T, 111111(11111, 1111)
11111111 11116711. 11111 111 gendo 11111 1117173. - 11171
1113111]711,1111111111111 11. - 111 111 1711111117
11, 111 ploos R - 111111] T, 11111111, 11111111, 1111111111,
111111111- 111 11111]1711,111111,11111’1’.- 111111171,
1111111,11111111 Β. - 11111] T 11, 11111 R - 171111 (7111]
’111 111111 Sim 11. -1111111177,11111111, 1111111 B.-
11111111 711 11111] 111111, 111171 T, 1111717, 111111 11 711
1111111711111111 111111117111111111 1111111111111,1111
1111111111111111111111 1111111 111 mamm 111111111. -
111 11111] T, 7111111, 11111 fl 11111111 1111111, 171111 nh
11111 111, 1., 111 R - 1711 11111111.. 111111] T, 11111

11111111111111111117111111111111111(111111111)

 

