⁶12 ·

(66161116) mtto 8161666, 611 Nolito 6616, 11611666 66111161 666
tohu· 666 6116166661, haus 666 Ρ116161; 66 Est (120): (66166116)
1616616116 16166161611116116, 666 1111611161, 11666 666 16161166,
611168166666661161116 6616, 66661616, 6161611666 06616661 (60
sqq)= 616 61616116 1666616116, hm 666 16161166, 666 Ρ116166, daun
616 111116 8161666 und 1161116 {torm 1166666(60 sq.): 1166ρί161
66116661661-111161, 11666 666 16161166, 616116 8116666 666 Nolite
11616, 6161611666

861611 werdo 1611 1166113616 6161166 uther 666 116111 616666.

Β. m». 116611 111666 666 11661136 0166616611161 61661166611161.

S. 227. 1161161666 11161 161616111 Ρ616661 61666 1116161
neten 66111 66611366 616666661661. 1161161616, 66611 661 6611116161
(1166166166), 161 11161161 616111 61111611 11666 66 61611 1161611611
16616, so 6616 1611 661 611616 666161161111661666, 1161666666
1161166166 6616661661, 666. g. m. 846 1166616, 614611, 6161
6661161666, was 11116166 (Neapolis), 1116 66 66611 6166 porta 666-
politam gab (pilger von Β6166661), 661 11666166 6161161166. 116616-
6666666161111(410)1116 16116 Ρ66666, 11661666 6666661111 -·
11666 herbarum 11666 sich nitgends 6611161166. Am 11666166
61661116 1611 Abrabam 161 herbarum 1116661666.

112281. 8611666, 6666 616 6611166 661 61166 166166661161116
661 661661666116 66161661, 6611636 und dem 1166 66611, 616111
ganan angogoben 6166. Man 16116 6666616116111661611166116,
dass 616 6116 stadt 61161 616 heutiga 6616616661 sich 616111666-
6611616, 66 6163616111, 6666 616 66111 61166 616166 61666 mauor-
166166 66161166 vom Damaskusthore, 361616111661611161 1161666,
1166 man 66166 16166116 616116666616, 6666 666661666 1116661616·
6161 61661616 611116 616661 1161161 6616111611, 6661361666 1163666,
6616110661. S. 6611 plan, 6160, 161 1666610611116111 16 Ρ6-
1661166. 1166666 1876,

S. 229b. Man 1666161661450, 6666616 446 1161666.

S. 2³2⁸. 1116661661661616 11661161 winderholt 161 pons vor.

S. 233¹». 116611 Ρ616661 bringt, entgegen 11611 6661611166 661

 

