441

ipsum 11 hospitae 1 111 1111111 111111111111 Β. 11111 111 lm
1111111111111111111111111111111111111111111113111-
111111 1 ’11111111 81 11., 188 1., 1111 Gummi, 1111 111
1111111113 111 111111111111111111111111111111111811 nm·
111111111111111 11 111 11111111 1111111 11111 (11111 1 11111111 di
111111 di 1111111 (1111111 1111111881 120 sqq. wir 11111111,
1111111 1111111, immor noch 11 11111111 111111111111111 111
1111111111 111111181111 1111111111 narsen 111 (111111111111,
11 1111111111 1111111111113 11111 1111 111 111111111111 1111
11111 1111111111 11111111111 1111111181111111 11111111 n
1111111111, 11111111 in 111 111111 111 10111111111111 1111111
11111 111 1111111111 Abu 11111111 Amor, 111111 aalma 11 111
jum 1101-11110 mit, 11 1111 11111 11111 111 11. 11111 (b
(1111111 11111111111131111111111 11 0111111. 1, 118 sq.) m
11111 1111 111 1111181111 1111 1111111 11111111 111111 11111111
1088 111 1018. 111111111 1111111 (1111 1111 1111, Μ t), 1111
11 1111111111 Ρ11111111 11111111111111111111 11 11111 11
11111111 0111111 1111, 111 11111. 11111111111 11 numium
11111. vogno? (111111) 1111111111 1111111. 1111111111.-
berg 811111111111 11 11111111 111 11111111111111111111 11111
dom 111111 111111 1111111 118 ofin 1111111 butinam, 1111
111111111111 in 1111111111 11111 11 1111111 1111111 1111111.
11111111111111, Μ, 87. - 11111 vol 11181] B, 11111 capi&
ΤΚ - 81111 111111 11111111.. 1111111111] 111, 11111
1111111111111111111111111111111111.1.111111ῐ-
111111181111111111111] Τ,111111111111111,11111111 m·
1111111 11111111111111111111 111111 0111 111111 111
1111113 1111111 111 111111 mihtin 11111 wi· 8111 (1, Μ
1111) 181 1111 111811 1111, 1111111 11 1111111111 - 11
1111111111]1”,11111118111 rognum 11111111 apaan-noima 11
0111111111 11 - 11 1111111111 11111] Τ B, 111111 1111 11
1111111111111111111111111111

11. 11 1111111111] ΤΒ, 11111111 111 ἱ - 11111111

 

