387

011010010010 0111 1013000110110, 10 101 0110111ωο100, 0101000
0101110100οι0 0010110 101 11030, 0001100110, 01011 010 010
110 111110, 01011 0001001101 0101. S. 100 plan (101101010010
10 J. 1013000001 10010011000310010 01 1010001001, 10 103110
Templo 10 1110001001 1110303οο 10100 101 1011010111, 1000
1000 101 1011011001110110 011110110010010010101000 100 01000·
0101 001030 1110 11030100 81 1011011 001 14 100101 101 11010111
(001 1001 100 000010 01000 000 1010001001) 001 10 10311 (1 t„
181) 1011101131, 01011 0101 11 1011011 0100100110, 1010111000110
(110010), 10 101 0111111 (8.1100101003 101) 001 101 110311 17·
10100010011000 Dio 0000101111101000 101 0111 001 1001 310100 ·
0101310101 1101110100 0101 0101100000101111, 1000 vir 101100
1110110110 001101113 0100111 10100. 11001100 100100 0011000 00
10000 3011113 30011001 010100, 01301 00 0101, 1000 110 110110 001
101 0100100110 110 10 101 101110 11011101. 101 110010 10100010
01011, 0011000110 10101 00011010001001, 000 wo 101 101001 10100
00110110111011 101 00301001100 0100110000 301 101 1011110110,
01010311, 1101011110 31010110 110110. 10300010 0011001 00·
00301101ιο 101 101 1101100011, 010 101 0011010 3100111000100
00001 01011100001010 3100101111300 11101010 11010111, 01000111-
001103110100 01001011001010110010000, (18110 0101 1811) 010 1011101
0010110100 0010100111011 110110100 0001100301οω 1001. 1110 101·
001101000 110110 1010011131 0010 00110000, 1000 110 100 1011101
1011000130101100010110. Nun 101 0100 01010001 1010000103οι
1101 11011030 110003301000000, 01 110 111010 01011 0101101011·

1101 10 0101 1101101 prob-tie· 0101 1101 01111101 103. m
0100 110 0001 001 12. 00110.

14. 1111100000 100 0011003 101 31011010010. Α10010 101

a.. 00100. 111111, 101110 odor 11110 010,ου 111000

100001 110 101101 0101101110 011110101 010101, 0101000001·

001010 01111010, 0 b. 0110100, 011011, 0030100001. 1131. (1013011011.

11100010110101011001001110010111000101000 1111100000 10110
2⁶⁸

 

