111

101111 11030110000101000011111010111110111001,01101100
100101101110011110011101Κ11110100101113101 1100100
101 1110 01011010 01111, 010 0100011101οο0 11310010 1101011011
010100311οο 0000100110ὴο0. 11000010100013011101
30000101011111010101001 1013111 10111110

48 1. 1010010110110, 010 0101003 11 1101111300, men 77111.
11101 0110 0000011 1101011010· 11111 011 1003101001 71101101
111110 00 01111010, 011011 0100001οο 10010111, 010 1111 7 0001
0100101 111110 1100301131 werden 11111010 1001011 (411)
000 non 010110 (gadum. 1111001010 1101000100), 100011000800·
11100 (07, 10. 1113010) von 10110100 (0100000101εο, 111001 (1. 0.
007] von 14000 (1100000 011 010000.. 1101 011 1111100000, 000
311 10000101οιοιο; mn 0001 01311000, 1010111 100011 1103000 1
01111 1013100110010000111 1111 1000111011 01110 000011 81011),
011 1113310 11 1810010011 11 110011 Sinni (162, 1011001)
000 von einer 00111; 111101 311ὶο111111 0010011001000 110100
(processimus ascendentes per 11010100 301001, 00111110010
00011110 11011, 0000 0101 111 01000 ascendero 0000111, 4111). Im
1031110100 001011010111 00001001 80001) 01111 Ρ10101011 01
Sinni (Sonthhnmpton 1909. 10011101.) 0100 Ρ1011 011 photo-
3010110110 010110, 011 vom 11111111001100100 101 000111010101
11011 110101111010, 101 20 11010 und 101 00 00011101 0010-
konnen. Wir 011000 0101110, 0110 vom Βο001101011310 900
110110 110010 (11011100 103131110 1101 11110110.0.’Π. 0. 011
10011. 191.

491. 1101191 (1111101011 2911, weil 1011010οΟ 000 X 110
0001111011, 000 110 0111 110100 1110101111 worden 1100) 010110
1111301010011111001011111011. Antonin 0131 000 (011111
0. 011 anm. 0110), (1110 1010 101 111110 010110 100100011101111
1000 11001 Jerusalem 110001011131. 1110 01001 0100 30000 011
1101101011 10000010001010111010, 000 11100, 0101 0110100,
037 110100 vom 310100100 1111101 010 01110311010111110100, 00
11111, 0101010 10111003 011 100101, 01101 1111 10 1001111000

 

