171

1010 1000100100110110 110110 10001110 110 000001111 10010011,
. 1100 01 110110111011001101100. - Α 10110 10001110 011 11
010011011] 01011011 Τ, 0100111011, 010011011 R 1100 1101 111
0100101 001.1010.1111,001110111001011101111110001110.
101011 0111111 10011418. 1110 1011110100 1101101101 11. 1.
1111 R - 10010 111010 1110] Τ Β, 1001011 01100110 101. 1.
R -1101101101]Τ11, 000110110111, 01001 011011. 1111
1100110 111 01011 0011 grou 001 10111ος00 111 1011 010011 101
0010011100 0110. - 10101101000101] Τ, 010001011 Τ R - 10
11 0111]Τ11,1011011οἴ10101.11 -111001]Τ11,101100111-11·
111011101101 00110110110111]Τ,1101110111010. (0100 1011
0110011 10111001) 1010. B, 110111011, 110111011Τῆ - 100101
11 00111011011000010] Τ, 10 100001101,100101 10 10001011
11 10011101 111110100111Τ 1101111001. ·- 00110 1001 011
00110] Τ 11, 0. 011 00 Ten 0011011 R 1111101 01 10011111,
’ 1110011101 Τ 11, 00100010110 Β, 10 100011101 V.
7.1101101010 00100] Τ 11, 11. 1011 R, 1 100110110ιο

10 1010 0. V, 00110 001 0110 01 10011101, 01 00 110110010 0. 011
11 monumen& En droit 100100. 0111101 11.-1100111011
101 100111] Τ, 100, 10011, 10001 Β. ·- 01011 0111010101
Τ, 001101, 100001, 101010, 1011010, 10001, 001011 011 101010 Β.

-1101001.] Τ, 1001 0001, 1101 00110 0001. R - 10100·
1011 1 10010] Τ, (0100 101) 0001011 1. 1., 1 10110, 1010,10111
11. - Al 0111100] Τ, 10 010101 TR 1101001, 010101, 011·
100111-1011 0010 11 0101 1 00 10101] Τ,1011 0010100 (00111)
100110111100 1010111011.. 10 101010 00110011 1001.
0001010 10 01101 10110101 1101110110. 11101101 001 11111111
01101 10 001 1000010001, 011 1010101101100 10101 (1111100 (011·
101) 001 0101 (01101) 111 00 10 101110100,1111 10 100 1100110
101 0111101111, 111 10 101100110110, 1011011111 010 11111 1000·
1110111111. 11101010011011011000 0101 1010 011. 110110110, 10
11011 1010010100 10011111. 11100100 1101100101 citu 1101111

mmmm-mmmmm (1011011100

 

