1111 111 111111111111111111111111 111111, 111 111111111111
mmm 1111, mne 111 111 111 mumulo von
1111111 111111 11 111 1111111,11111111111111, 131 1111111.
1 28 11, 111111 1111 1111111 11 1111 1111 1111 (1111111111 111111
in 11111111), 111, 111111 Domini 1111111111, mortun· 1111111
juvenis, 111111. 1, 11 - 11111111 111 11 p. 11111111] 11
11 eumque 111.1111111111,1111111,1111111, 11111111 ¹ fl»
11. - porrigebant 11111111 11 11111111] 111, dr.. porr.
11 11111111.-11111111111 111111] 1 1111, reliq. 111111.
111011, 111, 111), 8111, 1111 111111111111 kirchen vor·
11111 1111 111 81111111111111111111111 Um 711111·
1111111111 1111111111 11111 111 11 11111111(111111111111
1111111.,111 111 1, p. 8⁶8⁸) 111 1111111111 111 1111111111 111111-
rum 60 recentiorum 1111111111 11111 christi 1111111111
1111111111111111) 11111111 1111111111 11111 11111111 1111, 11 quorum
11 1. 11111111 11111 frequentabunt 11111111 1111 religioni
hierosolymitani Und 111 111 sepulti 11111 10 11111111 111111·
solymitani in suburbiis 11 111111 11111 1 8111111111, ubi 11111
1111111 111 1111111111 monachus, qui 1111111111 111111
111111111111111111111111111 11111111 11111111. 1111111111 bue
1111111111 11111ιί1, 1111111111 imp. 111111 conjux, 1111 1111 414
1111111111111 11111111 1111 1111 1111, 1111111111 1111111111·
111 Α. 1111ρί11 nui 111 111 1111111 1111111111 1 1111111111
117 111, 1111111111 111.

m 1111111111 ojm] 111111 schreibt 1, 11111111
(sepulchro) 1111111111 1111111 11111111 1111111111 1111111111
quomodo 111111 11111111, 1111 1 quibu· 11111111 1 corpusculum
1111 111 1111111111 111 1111111 mammonam 111111111, 111111,
11111111 Hieronymus, pro 11111 11111 potat - 1111111 011·
voti] 11111 11111111 1131111111 ni· 3111111111 11111 1111111
1111111111 in 111111111111111111111 11111. 11 b. 111
11’1111111111.1.1ι - 11111111111111311111] 11111111 11111.

- 1111111111] 11. 11118111. 1111111111111111111111111, 1111·

 

