441

imm 01 10001010 a Joh. 11010 mmm-01³. 110 00 1000
80100081080000 1110800 008 81101011080101808013108-
111080 1180080110 88 01].,1888Ἰ 0008 00110001, 8801 810
0010108000 801 101 0108011100οη 001 0011108 8010011801 0000800
80008100111011801080100811111 1010110 80110 01111 0 00011010 81
10018 81 801100 010011 1100011 1888. 188 sqq. Wir 80111010,
001000 11100000, 10001 0008 10 881111εο 0008008100 11801810
0111100μο 801 1011801 10 1010011οο 1101100 1111 000010 tolga,
00 11111810 01010 0108011000000 00800 100 1111 108180080110 dnn
00101 11001οι01 8000100008 11010 801 8 808081 88800001 10
1101010800, 11010801 10 801 01110 800 10108180080110 1001110
111 0110 010080ἰο1 Abu 01800001 1001, 801000 10011000 10 811
008101101-1180 10111, 00 0001 80081106 801 (1. 11008 (1ae
Colonia 0000010108 degli 11011001 10 0110010. 1, 148 tq.) 101·
80011 010 810 0111100000 800 1010800 1011801 80010 11100800
1188 008 1018. 8010001 8000001 (1100 8011 8008, 810 1.), 8000
00 0100011108 1100101000 81100 80011 80 1001010000 80 80010 80
8001000 000110 1101, 801 1011. 1081800801 10 0010010800
unte. vogno? (111110) mn 1011 1101010. 11100 v. nm»
berg 0010181οῐ100 10 11001100 810 0010000101800100100 00101
800 00000 80110 801100 010 01111 011801 8001100000, 810
0101080001μο 10 101000100 81110 10 1010100 800001 1800100.
11101010181011, 10⁸6, 81. - 1001010100001] Β, 10010 000180
’18 - 01110 01110 0111000.. 0000110010] 1· Β, 01110
0800110010110000000111080011081180100108-
10010 0001800 00001011] Τ, 1801001008008, 001100 1000·
1011000 00111010].11080000110 100108 0801 001110 810
8001003 0081801800 100101 00111010 00101 wi· 8000 (1, Μ
10081101 8008111080 100, 001810 01 0008001000 - 10

00110100] Τ, 811101101 in 10000080000010 00080011ἀο011, 10

001110010 K — 101010011100 100] 1· B, 0001101100 10
1000 80110111, 00111001 10101 100, 8
18. 00 8111001110] 111, 800000 811 8 - 011000

 

