8117

331133 33-36 331311133 313111 3. 35 33331133 1. 30, 3. 33
13 31, 3. 333. 31 3311113133 13 331 lust„ Um 3333133 mit
utilloohwoigen 33 3331331133, 33 133 Boni 113. 57 13
(333313111131331331, 11131333 113 mo. 1. 52 bethlem,
11311131 31133333111311313 1) 333 1, 313111 11333 noui
uberhaupt sago (83⁶J: 13 oui 1311313 sono 33331 mist·
33 33333111 331 11333311333 goher 13 113331 mm vom
331313 31331 (131 13), 3333 33 331331 moon 33113
und 313 331313 3333 3133111313 313111 1333133111 ui.
und dohor 333 13333 3311313133 113113 333 buohstaben
mowiorigkoiton, 33111313, 3333, 11333 33311 3333111113
313 11333313 11313 333 13333 3113111311 3133113313, 33313
313 113313 313 3133131311333133331133 333 331 331133
31331 3331313333 3331331 331333 1113133 331113. Ro
geht 331333 1131131, 3333 1133313 33313113 hum odor
oinzig mit gromor 13131311 33 1311333333 131

1113 33111111, achonum 1313333, im lapidantyl
odor im otyl 333 313113111313 3111313331, 33133 dom 10.
1313333331 33313313 9. 3333113133333113331 133131,
31311 333113 1133331313 abbio 3311113 11333 apporto
prima 33113 fondatione 331 33131113 oopizio 13113 331 03113
3133331331).

Woo 333 31131 333 commemoratorium 3311311131,
oo 1333 33 1313313 3331131 3313313333, 3333 33 13 313
1311131 333 1133333133 1311111 Um 333 31131 333-
1331111313, 3133331313311133333 3311333113.

Eo 11113 131331 11311 31113331 (33113 23). Dio·
13133311 11311111 333 13331313313331, 1131331 1133313131

 

